0	0	0	000000038
1	1	1	000041428
2	2	2	00008281C
3	3	0	0000C3C00
4	4	1	0001040A8
5	5	2	0001454A0
6	6	0	0001868A4
7	7	1	0001C7C90
8	8	2	000208130
9	9	0	00024950C
10	10	1	00048A920
11	11	2	0002CBD20
12	0	0	00030C1B8
13	1	1	00034D5B4
14	2	2	00038E9B0
15	3	0	0003CFDBC
16	4	1	000410210
17	5	2	000451638
18	6	0	000492A34
19	7	1	0004D3E04
20	8	2	00051429C
21	9	0	0005556AC
22	10	1	000596ABC
23	11	2	0005D7EB0
24	0	0	00061832C
25	1	1	000659718
26	2	2	00069AB30
27	3	0	0006DBF20
28	4	1	00071C3B8
29	5	2	00075D79C
30	6	0	00079EB98
31	7	1	0007DFF90
50	8	2	26E13D030
60	9	0	26E11B004
70	10	1	1A9EA8838
80	11	2	278D6B834
90	0	0	000130090
100	1	1	186810090
110	2	2	00059EA94
120	3	0	272CC188C
130	4	1	171C0CD34
140	5	2	171C0AD38
2000	6	0	31B756500
2100	7	1	0002E4D24
2500	8	2	0004B092C
2600	9	0	0484A893C
15000	10	1	13950C6BC
17000	11	2	0003A39A4
17500	0	1	00000900C
17523	1	1	0000EDC18
17600	2	1	0004BFA28
17601	3	1	2EA722A24
